,Season,GameNumber,VTeamCode,HTeamCode,VGF,HGF,GD,VGA,HGA,WinTeam,LossTeam
0,2010,20001,MTL,TOR,2,3,1,3,2,TOR,MTL
1,2010,20002,PHI,PIT,3,2,-1,2,3,PHI,PIT
2,2010,20003,CAR,MIN,4,3,-1,3,4,CAR,MIN
3,2010,20004,CHI,COL,3,4,1,4,3,COL,CHI
4,2010,20005,CGY,EDM,0,4,4,4,0,EDM,CGY
5,2010,20006,SJ,CBJ,3,2,-1,2,3,SJ,CBJ
6,2010,20007,DAL,NJ,4,3,-1,3,4,DAL,NJ
7,2010,20008,MIN,CAR,1,2,1,2,1,CAR,MIN
8,2010,20009,ANA,DET,0,4,4,4,0,DET,ANA
9,2010,20010,BUF,OTT,2,1,-1,1,2,BUF,OTT
10,2010,20011,WSH,ATL,2,4,2,4,2,ATL,WSH
11,2010,20012,PHX,BOS,5,2,-3,2,5,PHX,BOS
12,2010,20013,NYR,BUF,6,3,-3,3,6,NYR,BUF
13,2010,20014,OTT,TOR,1,5,4,5,1,TOR,OTT
14,2010,20015,DAL,NYI,5,4,-1,4,5,DAL,NYI
15,2010,20016,MTL,PIT,3,2,-1,2,3,MTL,PIT
16,2010,20017,NJ,WSH,2,7,5,7,2,WSH,NJ
17,2010,20018,ATL,TB,3,5,2,5,3,TB,ATL
18,2010,20019,PHI,STL,1,2,1,2,1,STL,PHI
19,2010,20020,ANA,NSH,1,4,3,4,1,NSH,ANA
20,2010,20021,DET,CHI,3,2,-1,2,3,DET,CHI
21,2010,20022,CBJ,SJ,3,2,-1,2,3,CBJ,SJ
22,2010,20023,LA,VAN,1,1,0,1,1,LA,VAN
23,2010,20024,BOS,PHX,3,0,-3,0,3,BOS,PHX
24,2010,20025,LA,CGY,1,3,2,3,1,CGY,LA
25,2010,20026,FLA,EDM,2,3,1,3,2,EDM,FLA
26,2010,20027,PIT,NJ,3,1,-2,1,3,PIT,NJ
27,2010,20028,NYR,NYI,4,6,2,6,4,NYI,NYR
28,2010,20029,ANA,STL,1,5,4,5,1,STL,ANA
29,2010,20030,CHI,BUF,4,3,-1,3,4,CHI,BUF
30,2010,20031,COL,PHI,2,4,2,4,2,PHI,COL
31,2010,20032,OTT,WSH,2,3,1,3,2,WSH,OTT
32,2010,20033,FLA,VAN,1,2,1,2,1,VAN,FLA
33,2010,20034,COL,DET,5,4,-1,4,5,COL,DET
34,2010,20035,ATL,LA,1,3,2,3,1,LA,ATL
35,2010,20036,NJ,BUF,1,0,-1,0,1,NJ,BUF
36,2010,20037,NYI,WSH,1,2,1,2,1,WSH,NYI
37,2010,20038,TB,MTL,4,3,-1,3,4,TB,MTL
38,2010,20039,TOR,PIT,4,3,-1,3,4,TOR,PIT
39,2010,20040,NSH,CHI,3,2,-1,2,3,NSH,CHI
40,2010,20041,VAN,ANA,3,4,1,4,3,ANA,VAN
41,2010,20042,TB,PHI,3,2,-1,2,3,TB,PHI
42,2010,20043,CAR,OTT,2,3,1,3,2,OTT,CAR
43,2010,20044,STL,NSH,3,4,1,4,3,NSH,STL
44,2010,20045,EDM,MIN,2,4,2,4,2,MIN,EDM
45,2010,20046,DET,DAL,1,4,3,4,1,DAL,DET
46,2010,20047,FLA,CGY,3,0,-3,0,3,FLA,CGY
47,2010,20048,COL,NJ,3,2,-1,2,3,COL,NJ
48,2010,20049,TOR,NYR,4,3,-1,3,4,TOR,NYR
49,2010,20050,NYI,PIT,2,3,1,3,2,PIT,NYI
50,2010,20051,CHI,CBJ,5,2,-3,2,5,CHI,CBJ
51,2010,20052,MTL,BUF,2,1,-1,1,2,MTL,BUF
52,2010,20053,ATL,ANA,5,4,-1,4,5,ATL,ANA
53,2010,20054,VAN,LA,1,4,3,4,1,LA,VAN
54,2010,20055,OTT,MTL,3,4,1,4,3,MTL,OTT
55,2010,20056,BOS,NJ,4,1,-3,1,4,BOS,NJ
56,2010,20057,COL,NYI,2,5,3,5,2,NYI,COL
57,2010,20058,PIT,PHI,5,1,-4,1,5,PIT,PHI
58,2010,20059,TB,FLA,0,6,6,6,0,FLA,TB
59,2010,20060,WSH,NSH,3,2,-1,2,3,WSH,NSH
60,2010,20061,CBJ,MIN,3,2,-1,2,3,CBJ,MIN
61,2010,20062,STL,DAL,3,5,2,5,3,DAL,STL
62,2010,20063,BUF,CHI,3,4,1,4,3,CHI,BUF
63,2010,20064,DET,PHX,2,1,-1,1,2,DET,PHX
64,2010,20065,EDM,CGY,3,5,2,5,3,CGY,EDM
65,2010,20066,ATL,SJ,4,2,-2,2,4,ATL,SJ
66,2010,20067,PHX,ANA,2,3,1,3,2,ANA,PHX
67,2010,20068,CAR,VAN,1,5,4,5,1,VAN,CAR
68,2010,20069,NYI,TOR,2,1,-1,1,2,NYI,TOR
69,2010,20070,COL,NYR,3,1,-2,1,3,COL,NYR
70,2010,20071,OTT,PIT,2,5,3,5,2,PIT,OTT
71,2010,20072,DAL,TB,4,5,1,5,4,TB,DAL
72,2010,20073,STL,CHI,2,3,1,3,2,CHI,STL
73,2010,20074,BOS,WSH,3,1,-2,1,3,BOS,WSH
74,2010,20075,CGY,NSH,1,0,-1,0,1,CGY,NSH
75,2010,20076,VAN,MIN,2,6,4,6,2,MIN,VAN
76,2010,20077,CAR,SJ,5,2,-3,2,5,CAR,SJ
77,2010,20078,BUF,ATL,4,1,-3,1,4,BUF,ATL
78,2010,20079,ANA,CBJ,1,3,2,3,1,CBJ,ANA
79,2010,20080,VAN,CHI,3,4,1,4,3,CHI,VAN
80,2010,20081,CAR,LA,3,4,1,4,3,LA,CAR
81,2010,20082,WSH,BOS,1,4,3,4,1,BOS,WSH
82,2010,20083,NYR,TOR,2,1,-1,1,2,NYR,TOR
83,2010,20084,ANA,PHI,3,2,-1,2,3,ANA,PHI
84,2010,20085,CGY,DET,2,4,2,4,2,DET,CGY
85,2010,20086,NJ,MTL,3,0,-3,0,3,NJ,MTL
86,2010,20087,NYI,TB,3,2,-1,2,3,NYI,TB
87,2010,20088,DAL,FLA,4,1,-3,1,4,DAL,FLA
88,2010,20089,PIT,NSH,4,3,-1,3,4,PIT,NSH
89,2010,20090,SJ,COL,4,2,-2,2,4,SJ,COL
90,2010,20091,MIN,EDM,4,2,-2,2,4,MIN,EDM
91,2010,20092,LA,PHX,2,4,2,4,2,PHX,LA
92,2010,20093,CGY,CBJ,6,2,-4,2,6,CGY,CBJ
93,2010,20094,OTT,BUF,4,2,-2,2,4,OTT,BUF
94,2010,20095,TB,ATL,5,2,-3,2,5,TB,ATL
95,2010,20096,CHI,STL,2,4,2,4,2,STL,CHI
96,2010,20097,MIN,VAN,1,5,4,5,1,VAN,MIN
97,2010,20098,NYR,BOS,3,2,-1,2,3,NYR,BOS
98,2010,20099,MTL,OTT,3,0,-3,0,3,MTL,OTT
99,2010,20100,BUF,NJ,6,1,-5,1,6,BUF,NJ
100,2010,20101,TOR,PHI,2,5,3,5,2,PHI,TOR
101,2010,20102,ATL,WSH,3,4,1,4,3,WSH,ATL
102,2010,20103,NYI,FLA,3,4,1,4,3,FLA,NYI
103,2010,20104,ANA,DET,4,5,1,5,4,DET,ANA
104,2010,20105,PIT,STL,0,1,1,1,0,STL,PIT
105,2010,20106,NSH,DAL,1,0,-1,0,1,NSH,DAL
106,2010,20107,CBJ,CHI,3,2,-1,2,3,CBJ,CHI
107,2010,20108,LA,COL,6,4,-2,4,6,LA,COL
108,2010,20109,CAR,PHX,4,3,-1,3,4,CAR,PHX
109,2010,20110,SJ,EDM,6,1,-5,1,6,SJ,EDM
110,2010,20111,NSH,TB,4,3,-1,3,4,NSH,TB
111,2010,20112,NJ,NYR,1,3,2,3,1,NYR,NJ
112,2010,20113,SJ,CGY,0,4,4,4,0,CGY,SJ
113,2010,20114,PHI,CBJ,1,2,1,2,1,CBJ,PHI
114,2010,20115,PHX,MTL,2,3,1,3,2,MTL,PHX
115,2010,20116,LA,MIN,5,4,-1,4,5,LA,MIN
116,2010,20117,FLA,TOR,1,3,2,3,1,TOR,FLA
117,2010,20118,BUF,PHI,3,6,3,6,3,PHI,BUF
118,2010,20119,PHX,OTT,2,5,3,5,2,OTT,PHX
119,2010,20120,EDM,CGY,4,5,1,5,4,CGY,EDM
120,2010,20121,ANA,DAL,5,2,-3,2,5,ANA,DAL
121,2010,20122,COL,VAN,3,4,1,4,3,VAN,COL
122,2010,20123,ATL,NYR,6,4,-2,4,6,ATL,NYR
123,2010,20124,WSH,CAR,3,0,-3,0,3,WSH,CAR
124,2010,20125,NYI,MTL,3,5,2,5,3,MTL,NYI
125,2010,20126,PIT,TB,3,5,2,5,3,TB,PIT
126,2010,20127,LA,CHI,1,3,2,3,1,CHI,LA
127,2010,20128,NJ,SJ,2,5,3,5,2,SJ,NJ
128,2010,20129,TOR,BOS,0,2,2,2,0,BOS,TOR
129,2010,20130,PHX,DET,4,2,-2,2,4,PHX,DET
130,2010,20131,EDM,CBJ,2,4,2,4,2,CBJ,EDM
131,2010,20132,FLA,OTT,3,5,2,5,3,OTT,FLA
132,2010,20133,STL,NSH,3,0,-3,0,3,STL,NSH
133,2010,20134,WSH,MIN,1,2,1,2,1,MIN,WSH
134,2010,20135,LA,DAL,5,2,-3,2,5,LA,DAL
135,2010,20136,COL,CGY,6,5,-1,5,6,COL,CGY
136,2010,20137,MTL,NYI,3,1,-2,1,3,MTL,NYI
137,2010,20138,CAR,NYR,4,3,-1,3,4,CAR,NYR
138,2010,20139,PHI,PIT,3,2,-1,2,3,PHI,PIT
139,2010,20140,BUF,ATL,3,4,1,4,3,ATL,BUF
140,2010,20141,EDM,CHI,7,4,-3,4,7,EDM,CHI
141,2010,20142,NJ,ANA,2,1,-1,1,2,NJ,ANA
142,2010,20143,NYR,TOR,2,0,-2,0,2,NYR,TOR
143,2010,20144,FLA,MTL,3,1,-2,1,3,FLA,MTL
144,2010,20145,BOS,OTT,4,0,-4,0,4,BOS,OTT
145,2010,20146,NYI,PHI,1,6,5,6,1,PHI,NYI
146,2010,20147,PIT,CAR,3,0,-3,0,3,PIT,CAR
147,2010,20148,NSH,DET,2,5,3,5,2,DET,NSH
148,2010,20149,ATL,STL,3,5,2,5,3,STL,ATL
149,2010,20150,CHI,MIN,3,1,-2,1,3,CHI,MIN
150,2010,20151,BUF,DAL,0,4,4,4,0,DAL,BUF
151,2010,20152,CBJ,COL,1,5,4,5,1,COL,CBJ
152,2010,20153,TB,PHX,3,0,-3,0,3,TB,PHX
153,2010,20154,WSH,CGY,7,2,-5,2,7,WSH,CGY
154,2010,20155,NJ,LA,1,3,2,3,1,LA,NJ
155,2010,20156,ANA,SJ,2,5,3,5,2,SJ,ANA
156,2010,20157,CHI,NYR,2,3,1,3,2,NYR,CHI
157,2010,20158,CAR,PHI,2,3,1,3,2,PHI,CAR
158,2010,20159,NJ,VAN,0,3,3,3,0,VAN,NJ
159,2010,20160,OTT,TOR,3,2,-1,2,3,OTT,TOR
160,2010,20161,MTL,CBJ,0,3,3,3,0,CBJ,MTL
161,2010,20162,SJ,MIN,0,1,1,1,0,MIN,SJ
162,2010,20163,VAN,EDM,4,3,-1,3,4,VAN,EDM
163,2010,20164,BOS,BUF,5,2,-3,2,5,BOS,BUF
164,2010,20165,TOR,WSH,4,6,2,6,4,WSH,TOR
165,2010,20166,NYI,CAR,2,7,5,7,2,CAR,NYI
166,2010,20167,ATL,FLA,4,3,-1,3,4,ATL,FLA
167,2010,20168,NJ,CHI,5,3,-2,3,5,NJ,CHI
168,2010,20169,PIT,DAL,2,5,3,5,2,DAL,PIT
169,2010,20170,DET,CGY,2,1,-1,1,2,DET,CGY
170,2010,20171,NSH,PHX,3,4,1,4,3,PHX,NSH
171,2010,20172,TB,ANA,2,3,1,3,2,ANA,TB
172,2010,20173,NYR,PHI,1,4,3,4,1,PHI,NYR
173,2010,20174,CBJ,ATL,3,0,-3,0,3,CBJ,ATL
174,2010,20175,NYI,OTT,1,4,3,4,1,OTT,NYI
175,2010,20176,SJ,STL,0,2,2,2,0,STL,SJ
176,2010,20177,VAN,COL,3,1,-2,1,3,VAN,COL
177,2010,20178,TB,LA,0,1,1,1,0,LA,TB
178,2010,20179,NYR,NJ,3,0,-3,0,3,NYR,NJ
179,2010,20180,BOS,WSH,3,5,2,5,3,WSH,BOS
180,2010,20181,MTL,BUF,3,2,-1,2,3,MTL,BUF
181,2010,20182,CAR,FLA,4,7,3,7,4,FLA,CAR
182,2010,20183,CGY,MIN,1,2,1,2,1,MIN,CGY
183,2010,20184,PHX,DAL,3,6,3,6,3,DAL,PHX
184,2010,20185,DET,EDM,3,1,-2,1,3,DET,EDM
185,2010,20186,PIT,ANA,2,3,1,3,2,ANA,PIT
186,2010,20187,NSH,LA,1,4,3,4,1,LA,NSH
187,2010,20188,STL,BOS,3,2,-1,2,3,STL,BOS
188,2010,20189,BUF,TOR,4,3,-1,3,4,BUF,TOR
189,2010,20190,OTT,MTL,3,2,-1,2,3,OTT,MTL
190,2010,20191,PHI,NYI,2,1,-1,1,2,PHI,NYI
191,2010,20192,FLA,CAR,2,3,1,3,2,CAR,FLA
192,2010,20193,CHI,ATL,6,5,-1,5,6,CHI,ATL
193,2010,20194,MIN,CBJ,3,2,-1,2,3,MIN,CBJ
194,2010,20195,DAL,COL,0,5,5,5,0,COL,DAL
195,2010,20196,PIT,PHX,4,3,-1,3,4,PIT,PHX
196,2010,20197,DET,VAN,4,6,2,6,4,VAN,DET
197,2010,20198,TB,SJ,2,5,3,5,2,SJ,TB
198,2010,20199,PHI,WSH,2,3,1,3,2,WSH,PHI
199,2010,20200,STL,NYR,2,0,-2,0,2,STL,NYR
200,2010,20201,EDM,CHI,2,1,-1,1,2,EDM,CHI
201,2010,20202,NSH,ANA,4,5,1,5,4,ANA,NSH
202,2010,20203,PHX,DET,2,3,1,3,2,DET,PHX
203,2010,20204,WSH,NYR,5,3,-2,3,5,WSH,NYR
204,2010,20205,EDM,CAR,1,7,6,7,1,CAR,EDM
205,2010,20206,VAN,MTL,0,2,2,2,0,MTL,VAN
206,2010,20207,ATL,OTT,2,5,3,5,2,OTT,ATL
207,2010,20208,TOR,TB,0,4,4,4,0,TB,TOR
208,2010,20209,CGY,COL,4,2,-2,2,4,CGY,COL
209,2010,20210,ANA,SJ,3,2,-1,2,3,ANA,SJ
210,2010,20211,BUF,NJ,6,5,-1,5,6,BUF,NJ
211,2010,20212,BOS,PIT,7,4,-3,4,7,BOS,PIT
212,2010,20213,STL,CBJ,1,8,7,8,1,CBJ,STL
213,2010,20214,TOR,FLA,1,4,3,4,1,FLA,TOR
214,2010,20215,PHX,CHI,2,1,-1,1,2,PHX,CHI
215,2010,20216,NYI,ANA,0,1,1,1,0,ANA,NYI
216,2010,20217,MTL,BOS,3,1,-2,1,3,MTL,BOS
217,2010,20218,BUF,NYR,2,3,1,3,2,NYR,BUF
218,2010,20219,TB,WSH,3,6,3,6,3,WSH,TB
219,2010,20220,PHI,CAR,8,1,-7,1,8,PHI,CAR
220,2010,20221,MIN,ATL,1,5,4,5,1,ATL,MIN
221,2010,20222,EDM,DET,2,6,4,6,2,DET,EDM
222,2010,20223,VAN,OTT,6,2,-4,2,6,VAN,OTT
223,2010,20224,NSH,STL,4,3,-1,3,4,NSH,STL
224,2010,20225,DAL,LA,1,3,2,3,1,LA,DAL
225,2010,20226,NYI,SJ,1,3,2,3,1,SJ,NYI
226,2010,20227,EDM,NJ,3,4,1,4,3,NJ,EDM
227,2010,20228,TB,PIT,1,5,4,5,1,PIT,TB
228,2010,20229,COL,CBJ,5,1,-4,1,5,COL,CBJ
229,2010,20230,MIN,FLA,1,2,1,2,1,FLA,MIN
230,2010,20231,CGY,PHX,4,5,1,5,4,PHX,CGY
231,2010,20232,DAL,ANA,2,4,2,4,2,ANA,DAL
232,2010,20233,OTT,BOS,2,0,-2,0,2,OTT,BOS
233,2010,20234,WSH,BUF,2,3,1,3,2,BUF,WSH
234,2010,20235,VAN,TOR,5,3,-2,3,5,VAN,TOR
235,2010,20236,CAR,MTL,2,7,5,7,2,MTL,CAR
236,2010,20237,FLA,PHI,2,5,3,5,2,PHI,FLA
237,2010,20238,PIT,ATL,4,2,-2,2,4,PIT,ATL
238,2010,20239,COL,DET,1,3,2,3,1,DET,COL
239,2010,20240,CHI,NSH,3,4,1,4,3,NSH,CHI
240,2010,20241,STL,PHX,3,5,2,5,3,PHX,STL
241,2010,20242,CGY,SJ,3,4,1,4,3,SJ,CGY
242,2010,20243,NYI,LA,1,5,4,5,1,LA,NYI
243,2010,20244,EDM,NYR,2,8,6,8,2,NYR,EDM
244,2010,20245,ATL,WSH,4,6,2,6,4,WSH,ATL
245,2010,20246,MIN,TB,4,1,-3,1,4,MIN,TB
246,2010,20247,ANA,CHI,2,3,1,3,2,CHI,ANA
247,2010,20248,NJ,BOS,0,3,3,3,0,BOS,NJ
248,2010,20249,VAN,BUF,3,4,1,4,3,BUF,VAN
249,2010,20250,OTT,PHI,1,5,4,5,1,PHI,OTT
250,2010,20251,NYR,PIT,3,2,-1,2,3,NYR,PIT
251,2010,20252,STL,COL,3,6,3,6,3,COL,STL
252,2010,20253,LA,SJ,3,6,3,6,3,SJ,LA
253,2010,20254,NSH,TOR,4,5,1,5,4,TOR,NSH
254,2010,20255,PHI,MTL,0,3,3,3,0,MTL,PHI
255,2010,20256,ANA,DAL,1,2,1,2,1,DAL,ANA
256,2010,20257,TB,NYI,4,2,-2,2,4,TB,NYI
257,2010,20258,BOS,NYR,3,2,-1,2,3,BOS,NYR
258,2010,20259,VAN,PIT,1,3,2,3,1,PIT,VAN
259,2010,20260,BUF,WSH,2,4,2,4,2,WSH,BUF
260,2010,20261,OTT,CAR,1,7,6,7,1,CAR,OTT
261,2010,20262,FLA,ATL,2,1,-1,1,2,FLA,ATL
262,2010,20263,STL,DET,3,7,4,7,3,DET,STL
263,2010,20264,ANA,MIN,1,2,1,2,1,MIN,ANA
264,2010,20265,SJ,COL,3,4,1,4,3,COL,SJ
265,2010,20266,PHX,CGY,3,1,-2,1,3,PHX,CGY
266,2010,20267,CHI,EDM,5,0,-5,0,5,CHI,EDM
267,2010,20268,CBJ,LA,5,3,-2,3,5,CBJ,LA
268,2010,20269,FLA,BOS,0,4,4,4,0,BOS,FLA
269,2010,20270,NJ,TOR,1,3,2,3,1,TOR,NJ
270,2010,20271,TB,PHI,8,7,-1,7,8,TB,PHI
271,2010,20272,NSH,MTL,3,0,-3,0,3,NSH,MTL
272,2010,20273,SJ,DAL,4,5,1,5,4,DAL,SJ
273,2010,20274,CAR,PIT,4,6,2,6,4,PIT,CAR
274,2010,20275,MIN,DET,4,3,-1,3,4,MIN,DET
275,2010,20276,LA,BUF,2,4,2,4,2,BUF,LA
276,2010,20277,WSH,ATL,0,5,5,5,0,ATL,WSH
277,2010,20278,OTT,STL,2,5,3,5,2,STL,OTT
278,2010,20279,NYR,COL,1,5,4,5,1,COL,NYR
279,2010,20280,CHI,CGY,2,7,5,7,2,CGY,CHI
280,2010,20281,PHX,EDM,6,5,-1,5,6,PHX,EDM
281,2010,20282,CBJ,ANA,4,3,-1,3,4,CBJ,ANA
282,2010,20283,LA,BOS,4,3,-1,3,4,LA,BOS
283,2010,20284,TB,BUF,2,1,-1,1,2,TB,BUF
284,2010,20285,TOR,MTL,0,2,2,2,0,MTL,TOR
285,2010,20286,FLA,NYI,4,1,-3,1,4,FLA,NYI
286,2010,20287,PHI,WSH,5,4,-1,4,5,PHI,WSH
287,2010,20288,NSH,CAR,3,2,-1,2,3,NSH,CAR
288,2010,20289,NJ,STL,2,3,1,3,2,STL,NJ
289,2010,20290,NYR,MIN,5,2,-3,2,5,NYR,MIN
290,2010,20291,COL,DAL,5,4,-1,4,5,COL,DAL
291,2010,20292,CHI,VAN,7,1,-6,1,7,CHI,VAN
292,2010,20293,CBJ,SJ,3,0,-3,0,3,CBJ,SJ
293,2010,20294,NYI,ATL,1,2,1,2,1,ATL,NYI
294,2010,20295,CGY,DET,4,5,1,5,4,DET,CGY
295,2010,20296,EDM,ANA,4,2,-2,2,4,EDM,ANA
296,2010,20297,PHX,VAN,3,2,-1,2,3,PHX,VAN
297,2010,20298,DAL,TOR,1,4,3,4,1,TOR,DAL
298,2010,20299,WSH,NJ,0,5,5,5,0,NJ,WSH
299,2010,20300,CGY,NYR,1,2,1,2,1,NYR,CGY
300,2010,20301,MTL,PHI,2,3,1,3,2,PHI,MTL
301,2010,20302,NSH,CBJ,0,2,2,2,0,CBJ,NSH
302,2010,20303,LA,OTT,2,3,1,3,2,OTT,LA
303,2010,20304,BOS,TB,1,3,2,3,1,TB,BOS
304,2010,20305,PIT,FLA,3,2,-1,2,3,PIT,FLA
305,2010,20306,EDM,PHX,0,5,5,5,0,PHX,EDM
306,2010,20307,PIT,BUF,1,0,-1,0,1,PIT,BUF
307,2010,20308,CBJ,NYI,4,3,-1,3,4,CBJ,NYI
308,2010,20309,WSH,CAR,3,2,-1,2,3,WSH,CAR
309,2010,20310,DET,ATL,1,5,4,5,1,ATL,DET
310,2010,20311,LA,MTL,1,4,3,4,1,MTL,LA
311,2010,20312,DAL,OTT,2,1,-1,1,2,DAL,OTT
312,2010,20313,CGY,NJ,1,2,1,2,1,NJ,CGY
313,2010,20314,NYR,TB,3,5,2,5,3,TB,NYR
314,2010,20315,BOS,FLA,3,1,-2,1,3,BOS,FLA
315,2010,20316,STL,NSH,2,1,-1,1,2,STL,NSH
316,2010,20317,PHI,MIN,6,1,-5,1,6,PHI,MIN
317,2010,20318,COL,VAN,2,4,2,4,2,VAN,COL
318,2010,20319,CHI,SJ,2,5,3,5,2,SJ,CHI
319,2010,20320,COL,EDM,2,3,1,3,2,EDM,COL
320,2010,20321,CAR,BOS,3,0,-3,0,3,CAR,BOS
321,2010,20322,NJ,NYI,0,2,2,2,0,NYI,NJ
322,2010,20323,CGY,PHI,4,3,-1,3,4,CGY,PHI
323,2010,20324,OTT,PIT,1,2,1,2,1,PIT,OTT
324,2010,20325,NSH,MIN,2,5,3,5,2,MIN,NSH
325,2010,20326,CHI,ANA,4,1,-3,1,4,CHI,ANA
326,2010,20327,TB,WSH,0,6,6,6,0,WSH,TB
327,2010,20328,DET,CBJ,2,1,-1,1,2,DET,CBJ
328,2010,20329,TOR,BUF,1,3,2,3,1,BUF,TOR
329,2010,20330,MTL,ATL,0,3,3,3,0,ATL,MTL
330,2010,20331,NYR,FLA,3,0,-3,0,3,NYR,FLA
331,2010,20332,STL,DAL,2,3,1,3,2,DAL,STL
332,2010,20333,SJ,VAN,1,6,5,6,1,VAN,SJ
333,2010,20334,PHI,NJ,2,3,1,3,2,NJ,PHI
334,2010,20335,CGY,PIT,1,4,3,4,1,PIT,CGY
335,2010,20336,BUF,MTL,1,3,2,3,1,MTL,BUF
336,2010,20337,TOR,OTT,0,3,3,3,0,OTT,TOR
337,2010,20338,FLA,TB,4,3,-1,3,4,FLA,TB
338,2010,20339,DAL,STL,2,1,-1,1,2,DAL,STL
339,2010,20340,NYR,NSH,2,1,-1,1,2,NYR,NSH
340,2010,20341,ANA,PHX,6,4,-2,4,6,ANA,PHX
341,2010,20342,MIN,COL,4,7,3,7,4,COL,MIN
342,2010,20343,SJ,EDM,4,3,-1,3,4,SJ,EDM
343,2010,20344,CHI,LA,2,1,-1,1,2,CHI,LA
344,2010,20345,CAR,WSH,2,3,1,3,2,WSH,CAR
345,2010,20346,BOS,ATL,1,4,3,4,1,ATL,BOS
346,2010,20347,CBJ,DET,2,4,2,4,2,DET,CBJ
347,2010,20348,PIT,NYR,3,1,-2,1,3,PIT,NYR
348,2010,20349,DAL,CAR,4,1,-3,1,4,DAL,CAR
349,2010,20350,EDM,OTT,4,1,-3,1,4,EDM,OTT
350,2010,20351,MIN,CGY,0,3,3,3,0,CGY,MIN
351,2010,20352,LA,ANA,0,2,2,2,0,ANA,LA
352,2010,20353,TB,TOR,4,3,-1,3,4,TB,TOR
353,2010,20354,PHX,NSH,0,3,3,3,0,NSH,PHX
354,2010,20355,STL,CHI,5,7,2,7,5,CHI,STL
355,2010,20356,ATL,COL,3,2,-1,2,3,ATL,COL
356,2010,20357,DET,SJ,5,3,-2,3,5,DET,SJ
357,2010,20358,EDM,MTL,4,3,-1,3,4,EDM,MTL
358,2010,20359,BOS,PHI,3,0,-3,0,3,BOS,PHI
359,2010,20360,NSH,CBJ,4,3,-1,3,4,NSH,CBJ
360,2010,20361,WSH,STL,4,1,-3,1,4,WSH,STL
361,2010,20362,PHX,MIN,4,2,-2,2,4,PHX,MIN
362,2010,20363,VAN,CGY,7,2,-5,2,7,VAN,CGY
363,2010,20364,FLA,ANA,3,5,2,5,3,ANA,FLA
364,2010,20365,TB,BOS,1,8,7,8,1,BOS,TB
365,2010,20366,EDM,TOR,5,0,-5,0,5,EDM,TOR
366,2010,20367,MTL,NJ,5,1,-4,1,5,MTL,NJ
367,2010,20368,NYR,NYI,6,5,-1,5,6,NYR,NYI
368,2010,20369,ATL,PIT,2,3,1,3,2,PIT,ATL
369,2010,20370,SJ,OTT,4,0,-4,0,4,SJ,OTT
370,2010,20371,WSH,DAL,1,2,1,2,1,DAL,WSH
371,2010,20372,FLA,LA,2,3,1,3,2,LA,FLA
372,2010,20373,NYI,NYR,0,2,2,2,0,NYR,NYI
373,2010,20374,COL,CAR,1,2,1,2,1,CAR,COL
374,2010,20375,CBJ,BUF,0,5,5,5,0,BUF,CBJ
375,2010,20376,CGY,MIN,4,3,-1,3,4,CGY,MIN
376,2010,20377,VAN,CHI,3,0,-3,0,3,VAN,CHI
377,2010,20378,DET,ANA,4,0,-4,0,4,DET,ANA
378,2010,20379,NJ,PHI,3,5,2,5,3,PHI,NJ
379,2010,20380,SJ,MTL,1,3,2,3,1,MTL,SJ
380,2010,20381,BOS,TOR,3,4,1,4,3,TOR,BOS
381,2010,20382,BUF,OTT,1,0,-1,0,1,BUF,OTT
382,2010,20383,ATL,WSH,3,1,-2,1,3,ATL,WSH
383,2010,20384,PIT,CBJ,7,2,-5,2,7,PIT,CBJ
384,2010,20385,COL,TB,5,6,1,6,5,TB,COL
385,2010,20386,CAR,NSH,2,5,3,5,2,NSH,CAR
386,2010,20387,MIN,DAL,3,4,1,4,3,DAL,MIN
387,2010,20388,FLA,PHX,4,3,-1,3,4,FLA,PHX
388,2010,20389,STL,EDM,1,2,1,2,1,EDM,STL
389,2010,20390,DET,LA,2,3,1,3,2,LA,DET
390,2010,20391,PHI,NYI,3,2,-1,2,3,PHI,NYI
391,2010,20392,OTT,NYR,3,1,-2,1,3,OTT,NYR
392,2010,20393,CGY,CHI,2,4,2,4,2,CHI,CGY
393,2010,20394,PHX,ANA,3,0,-3,0,3,PHX,ANA
394,2010,20395,STL,VAN,3,2,-1,2,3,STL,VAN
395,2010,20396,NJ,PIT,1,2,1,2,1,PIT,NJ
396,2010,20397,TOR,WSH,5,4,-1,4,5,TOR,WSH
397,2010,20398,NSH,ATL,2,3,1,3,2,ATL,NSH
398,2010,20399,SJ,DET,5,2,-3,2,5,SJ,DET
399,2010,20400,DAL,CBJ,3,4,1,4,3,CBJ,DAL
400,2010,20401,BUF,BOS,2,3,1,3,2,BOS,BUF
401,2010,20402,OTT,MTL,1,4,3,4,1,MTL,OTT
402,2010,20403,COL,FLA,3,4,1,4,3,FLA,COL
403,2010,20404,TB,CGY,2,4,2,4,2,CGY,TB
404,2010,20405,ANA,EDM,4,3,-1,3,4,ANA,EDM
405,2010,20406,SJ,PHI,6,4,-2,4,6,SJ,PHI
406,2010,20407,TOR,PIT,2,5,3,5,2,PIT,TOR
407,2010,20408,NSH,DET,3,2,-1,2,3,NSH,DET
408,2010,20409,DAL,CHI,3,5,2,5,3,CHI,DAL
409,2010,20410,ANA,VAN,4,5,1,5,4,VAN,ANA
410,2010,20411,NYI,BOS,2,5,3,5,2,BOS,NYI
411,2010,20412,SJ,BUF,3,6,3,6,3,BUF,SJ
412,2010,20413,PHI,TOR,4,1,-3,1,4,PHI,TOR
413,2010,20414,FLA,WSH,3,0,-3,0,3,FLA,WSH
414,2010,20415,NYR,OTT,5,3,-2,3,5,NYR,OTT
415,2010,20416,CBJ,STL,1,4,3,4,1,STL,CBJ
416,2010,20417,MIN,PHX,3,2,-1,2,3,MIN,PHX
417,2010,20418,CGY,LA,1,2,1,2,1,LA,CGY
418,2010,20419,MTL,DET,2,4,2,4,2,DET,MTL
419,2010,20420,NJ,OTT,2,3,1,3,2,OTT,NJ
420,2010,20421,COL,ATL,4,2,-2,2,4,COL,ATL
421,2010,20422,CAR,DAL,1,2,1,2,1,DAL,CAR
422,2010,20423,TB,EDM,3,5,2,5,3,EDM,TB
423,2010,20424,CGY,ANA,3,4,1,4,3,ANA,CGY
424,2010,20425,PHI,BOS,2,1,-1,1,2,PHI,BOS
425,2010,20426,PIT,BUF,5,2,-3,2,5,PIT,BUF
426,2010,20427,MTL,TOR,1,3,2,3,1,TOR,MTL
427,2010,20428,DET,NJ,4,1,-3,1,4,DET,NJ
428,2010,20429,ATL,NYI,5,4,-1,4,5,ATL,NYI
429,2010,20430,COL,WSH,3,2,-1,2,3,COL,WSH
430,2010,20431,NYR,CBJ,1,3,2,3,1,CBJ,NYR
431,2010,20432,CAR,STL,2,1,-1,1,2,CAR,STL
432,2010,20433,FLA,NSH,0,3,3,3,0,NSH,FLA
433,2010,20434,DAL,PHX,2,5,3,5,2,PHX,DAL
434,2010,20435,TB,VAN,5,4,-1,4,5,TB,VAN
435,2010,20436,MIN,LA,3,2,-1,2,3,MIN,LA
436,2010,20437,CHI,SJ,1,2,1,2,1,SJ,CHI
437,2010,20438,WSH,NYR,0,7,7,7,0,NYR,WSH
438,2010,20439,VAN,EDM,2,1,-1,1,2,VAN,EDM
439,2010,20440,MIN,ANA,2,6,4,6,2,ANA,MIN
440,2010,20441,LA,DET,5,0,-5,0,5,LA,DET
441,2010,20442,ATL,OTT,4,3,-1,3,4,ATL,OTT
442,2010,20443,NYI,NSH,0,5,5,5,0,NSH,NYI
443,2010,20444,CHI,COL,5,7,2,7,5,COL,CHI
444,2010,20445,CBJ,CGY,2,3,1,3,2,CGY,CBJ
445,2010,20446,DAL,SJ,4,3,-1,3,4,DAL,SJ
446,2010,20447,PIT,PHI,2,3,1,3,2,PHI,PIT
447,2010,20448,TOR,EDM,4,1,-3,1,4,TOR,EDM
448,2010,20449,BOS,BUF,2,3,1,3,2,BUF,BOS
449,2010,20450,PHX,NJ,0,3,3,3,0,NJ,PHX
450,2010,20451,NYR,PIT,4,1,-3,1,4,NYR,PIT
451,2010,20452,ANA,WSH,2,1,-1,1,2,ANA,WSH
452,2010,20453,STL,DET,2,5,3,5,2,DET,STL
453,2010,20454,PHI,MTL,5,3,-2,3,5,PHI,MTL
454,2010,20455,ATL,TB,1,2,1,2,1,TB,ATL
455,2010,20456,CAR,FLA,4,3,-1,3,4,CAR,FLA
456,2010,20457,SJ,NSH,2,3,1,3,2,NSH,SJ
457,2010,20458,COL,CHI,4,3,-1,3,4,COL,CHI
458,2010,20459,CBJ,VAN,2,3,1,3,2,VAN,CBJ
459,2010,20460,ANA,NYI,2,3,1,3,2,NYI,ANA
460,2010,20461,PHX,NYR,3,4,1,4,3,NYR,PHX
461,2010,20462,CAR,ATL,4,3,-1,3,4,CAR,ATL
462,2010,20463,BOS,MTL,3,4,1,4,3,MTL,BOS
463,2010,20464,LA,STL,4,6,2,6,4,STL,LA
464,2010,20465,OTT,MIN,3,1,-2,1,3,OTT,MIN
465,2010,20466,SJ,DAL,4,3,-1,3,4,SJ,DAL
466,2010,20467,TOR,CGY,2,5,3,5,2,CGY,TOR
467,2010,20468,CBJ,EDM,3,6,3,6,3,EDM,CBJ
468,2010,20469,NSH,NJ,3,1,-2,1,3,NSH,NJ
469,2010,20470,BUF,FLA,2,6,4,6,2,FLA,BUF
470,2010,20471,DET,CHI,1,4,3,4,1,CHI,DET
471,2010,20472,OTT,COL,5,6,1,6,5,COL,OTT
472,2010,20473,NYR,PHI,1,4,3,4,1,PHI,NYR
473,2010,20474,WSH,BOS,2,3,1,3,2,BOS,WSH
474,2010,20475,PHX,NYI,6,4,-2,4,6,PHX,NYI
475,2010,20476,ANA,CAR,2,4,2,4,2,CAR,ANA
476,2010,20477,NJ,ATL,1,7,6,7,1,ATL,NJ
477,2010,20478,DAL,CBJ,2,1,-1,1,2,DAL,CBJ
478,2010,20479,BUF,TB,1,3,2,3,1,TB,BUF
479,2010,20480,SJ,STL,4,1,-3,1,4,SJ,STL
480,2010,20481,LA,NSH,6,1,-5,1,6,LA,NSH
481,2010,20482,MIN,CGY,3,1,-2,1,3,MIN,CGY
482,2010,20483,TOR,VAN,1,4,3,4,1,VAN,TOR
483,2010,20484,WSH,OTT,3,2,-1,2,3,WSH,OTT
484,2010,20485,DAL,DET,4,3,-1,3,4,DAL,DET
485,2010,20486,LA,CHI,2,3,1,3,2,CHI,LA
486,2010,20487,MTL,COL,2,3,1,3,2,COL,MTL
487,2010,20488,ANA,BOS,3,0,-3,0,3,ANA,BOS
488,2010,20489,ATL,TOR,6,3,-3,3,6,ATL,TOR
489,2010,20490,FLA,PHI,5,0,-5,0,5,FLA,PHI
490,2010,20491,PHX,PIT,1,6,5,6,1,PIT,PHX
491,2010,20492,CAR,TB,1,5,4,5,1,TB,CAR
492,2010,20493,VAN,STL,3,1,-2,1,3,VAN,STL
493,2010,20494,CGY,MIN,1,4,3,4,1,MIN,CGY
494,2010,20495,ANA,BUF,2,5,3,5,2,BUF,ANA
495,2010,20496,NJ,WSH,1,5,4,5,1,WSH,NJ
496,2010,20497,STL,ATL,4,2,-2,2,4,STL,ATL
497,2010,20498,CGY,CBJ,1,3,2,3,1,CBJ,CGY
498,2010,20499,MTL,DAL,2,5,3,5,2,DAL,MTL
499,2010,20500,LA,COL,5,0,-5,0,5,LA,COL
500,2010,20501,EDM,SJ,1,2,1,2,1,SJ,EDM
501,2010,20502,TB,NYI,1,2,1,2,1,NYI,TB
502,2010,20503,FLA,PIT,2,5,3,5,2,PIT,FLA
503,2010,20504,VAN,DET,4,5,1,5,4,DET,VAN
504,2010,20505,NSH,CHI,1,4,3,4,1,CHI,NSH
505,2010,20506,ATL,BOS,1,4,3,4,1,BOS,ATL
506,2010,20507,FLA,BUF,4,3,-1,3,4,FLA,BUF
507,2010,20508,NYI,NJ,5,1,-4,1,5,NYI,NJ
508,2010,20509,TB,NYR,6,5,-1,5,6,TB,NYR
509,2010,20510,PIT,WSH,4,3,-1,3,4,PIT,WSH
510,2010,20511,MTL,CAR,3,2,-1,2,3,MTL,CAR
511,2010,20512,VAN,CBJ,7,3,-4,3,7,VAN,CBJ
512,2010,20513,DET,STL,3,4,1,4,3,STL,DET
513,2010,20514,OTT,NSH,2,1,-1,1,2,OTT,NSH
514,2010,20515,CGY,DAL,3,2,-1,2,3,CGY,DAL
515,2010,20516,MIN,COL,3,1,-2,1,3,MIN,COL
516,2010,20517,EDM,LA,3,4,1,4,3,LA,EDM
517,2010,20518,PHX,SJ,1,4,3,4,1,SJ,PHX
518,2010,20519,PIT,OTT,1,3,2,3,1,OTT,PIT
519,2010,20520,TOR,NJ,4,1,-3,1,4,TOR,NJ
520,2010,20521,MTL,NYI,1,4,3,4,1,NYI,MTL
521,2010,20522,WSH,CAR,3,2,-1,2,3,WSH,CAR
522,2010,20523,TB,ATL,3,2,-1,2,3,TB,ATL
523,2010,20524,CBJ,CHI,1,4,3,4,1,CHI,CBJ
524,2010,20525,NSH,STL,0,2,2,2,0,STL,NSH
525,2010,20526,DET,MIN,4,1,-3,1,4,DET,MIN
526,2010,20527,PHX,DAL,1,0,-1,0,1,PHX,DAL
527,2010,20528,EDM,VAN,2,3,1,3,2,VAN,EDM
528,2010,20529,ANA,LA,1,4,3,4,1,LA,ANA
529,2010,20530,NYI,NYR,2,7,5,7,2,NYR,NYI
530,2010,20531,MIN,CBJ,4,6,2,6,4,CBJ,MIN
531,2010,20532,BOS,FLA,3,2,-1,2,3,BOS,FLA
532,2010,20533,DET,COL,4,3,-1,3,4,DET,COL
533,2010,20534,BUF,CGY,2,5,3,5,2,CGY,BUF
534,2010,20535,LA,SJ,4,0,-4,0,4,LA,SJ
535,2010,20536,CAR,TOR,4,3,-1,3,4,CAR,TOR
536,2010,20537,ATL,PIT,3,6,3,6,3,PIT,ATL
537,2010,20538,MTL,WSH,0,3,3,3,0,WSH,MTL
538,2010,20539,BOS,TB,4,3,-1,3,4,BOS,TB
539,2010,20540,CHI,STL,1,3,2,3,1,STL,CHI
540,2010,20541,DAL,NSH,4,2,-2,2,4,DAL,NSH
541,2010,20542,BUF,EDM,4,2,-2,2,4,BUF,EDM
542,2010,20543,ANA,PHX,3,1,-2,1,3,ANA,PHX
543,2010,20544,PHI,VAN,2,6,4,6,2,VAN,PHI
544,2010,20545,NYR,NJ,3,1,-2,1,3,NYR,NJ
545,2010,20546,PIT,NYI,3,4,1,4,3,NYI,PIT
546,2010,20547,CAR,OTT,4,0,-4,0,4,CAR,OTT
547,2010,20548,SJ,MIN,3,5,2,5,3,MIN,SJ
548,2010,20549,DET,DAL,7,3,-4,3,7,DET,DAL
549,2010,20550,LA,PHX,3,6,3,6,3,PHX,LA
550,2010,20551,CBJ,TOR,3,2,-1,2,3,CBJ,TOR
551,2010,20552,BOS,ATL,2,4,2,4,2,ATL,BOS
552,2010,20553,MTL,TB,1,4,3,4,1,TB,MTL
553,2010,20554,SJ,CHI,5,3,-2,3,5,SJ,CHI
554,2010,20555,COL,EDM,4,3,-1,3,4,COL,EDM
555,2010,20556,PHI,LA,7,4,-3,4,7,PHI,LA
556,2010,20557,ATL,NJ,1,3,2,3,1,NJ,ATL
557,2010,20558,MTL,FLA,3,2,-1,2,3,MTL,FLA
558,2010,20559,NSH,MIN,4,1,-3,1,4,NSH,MIN
559,2010,20560,NYI,DET,4,3,-1,3,4,NYI,DET
560,2010,20561,OTT,CBJ,3,4,1,4,3,CBJ,OTT
561,2010,20562,PHX,STL,3,4,1,4,3,STL,PHX
562,2010,20563,PHI,ANA,2,5,3,5,2,ANA,PHI
563,2010,20564,VAN,DAL,4,1,-3,1,4,VAN,DAL
564,2010,20565,COL,CGY,2,3,1,3,2,CGY,COL
565,2010,20566,WSH,PIT,3,1,-2,1,3,WSH,PIT
566,2010,20567,BOS,BUF,8,9,1,9,8,BUF,BOS
567,2010,20568,TOR,OTT,5,1,-4,1,5,TOR,OTT
568,2010,20569,NJ,CAR,3,6,3,6,3,CAR,NJ
569,2010,20570,NYR,TB,1,2,1,2,1,TB,NYR
570,2010,20571,SJ,LA,1,0,-1,0,1,SJ,LA
571,2010,20572,CGY,EDM,2,1,-1,1,2,CGY,EDM
572,2010,20573,ATL,MTL,4,3,-1,3,4,ATL,MTL
573,2010,20574,NYR,FLA,0,3,3,3,0,FLA,NYR
574,2010,20575,PHI,DET,3,2,-1,2,3,PHI,DET
575,2010,20576,DAL,STL,4,2,-2,2,4,DAL,STL
576,2010,20577,CBJ,NSH,1,4,3,4,1,NSH,CBJ
577,2010,20578,PHX,MIN,5,6,1,6,5,MIN,PHX
578,2010,20579,VAN,COL,2,1,-1,1,2,VAN,COL
579,2010,20580,CHI,ANA,1,2,1,2,1,ANA,CHI
580,2010,20581,BOS,TOR,2,1,-1,1,2,BOS,TOR
581,2010,20582,FLA,CAR,4,3,-1,3,4,FLA,CAR
582,2010,20583,NYI,CGY,5,2,-3,2,5,NYI,CGY
583,2010,20584,CHI,LA,4,3,-1,3,4,CHI,LA
584,2010,20585,VAN,SJ,4,3,-1,3,4,VAN,SJ
585,2010,20586,MIN,NJ,2,1,-1,1,2,MIN,NJ
586,2010,20587,TB,WSH,1,0,-1,0,1,TB,WSH
587,2010,20588,BUF,COL,3,4,1,4,3,COL,BUF
588,2010,20589,DET,EDM,5,3,-2,3,5,DET,EDM
589,2010,20590,CBJ,PHX,2,4,2,4,2,PHX,CBJ
590,2010,20591,CAR,NYR,1,2,1,2,1,NYR,CAR
591,2010,20592,TB,PIT,1,8,7,8,1,PIT,TB
592,2010,20593,ATL,FLA,3,2,-1,2,3,ATL,FLA
593,2010,20594,DAL,CHI,4,2,-2,2,4,DAL,CHI
594,2010,20595,CGY,VAN,1,3,2,3,1,VAN,CGY
595,2010,20596,NSH,ANA,4,1,-3,1,4,NSH,ANA
596,2010,20597,MIN,BOS,3,1,-2,1,3,MIN,BOS
597,2010,20598,STL,TOR,7,8,1,8,7,TOR,STL
598,2010,20599,PHI,NJ,4,2,-2,2,4,PHI,NJ
599,2010,20600,PIT,MTL,1,2,1,2,1,MTL,PIT
600,2010,20601,PHX,COL,2,0,-2,0,2,PHX,COL
601,2010,20602,NYI,EDM,1,2,1,2,1,EDM,NYI
602,2010,20603,NSH,LA,5,2,-3,2,5,NSH,LA
603,2010,20604,BUF,SJ,3,0,-3,0,3,BUF,SJ
604,2010,20605,TOR,ATL,9,3,-6,3,9,TOR,ATL
605,2010,20606,CAR,FLA,5,3,-2,3,5,CAR,FLA
606,2010,20607,OTT,CHI,2,4,2,4,2,CHI,OTT
607,2010,20608,NYR,DAL,3,2,-1,2,3,NYR,DAL
608,2010,20609,DET,CGY,5,4,-1,4,5,DET,CGY
609,2010,20610,EDM,VAN,1,6,5,6,1,VAN,EDM
610,2010,20611,CBJ,ANA,0,6,6,6,0,ANA,CBJ
611,2010,20612,NJ,PHI,1,2,1,2,1,PHI,NJ
612,2010,20613,NYI,COL,4,3,-1,3,4,NYI,COL
613,2010,20614,BOS,MTL,2,3,1,3,2,MTL,BOS
614,2010,20615,TB,OTT,2,1,-1,1,2,TB,OTT
615,2010,20616,MIN,PIT,4,0,-4,0,4,MIN,PIT
616,2010,20617,FLA,WSH,2,3,1,3,2,WSH,FLA
617,2010,20618,NYR,STL,2,1,-1,1,2,NYR,STL
618,2010,20619,BUF,PHX,2,1,-1,1,2,BUF,PHX
619,2010,20620,NSH,SJ,2,1,-1,1,2,NSH,SJ
620,2010,20621,DET,VAN,2,1,-1,1,2,DET,VAN
621,2010,20622,CBJ,LA,4,6,2,6,4,LA,CBJ
622,2010,20623,ATL,CAR,3,4,1,4,3,CAR,ATL
623,2010,20624,TB,NJ,3,6,3,6,3,NJ,TB
624,2010,20625,DAL,MIN,4,0,-4,0,4,DAL,MIN
625,2010,20626,NYI,CHI,0,5,5,5,0,CHI,NYI
626,2010,20627,SJ,ANA,0,1,1,1,0,ANA,SJ
627,2010,20628,BOS,PIT,4,2,-2,2,4,BOS,PIT
628,2010,20629,PHX,STL,4,3,-1,3,4,PHX,STL
629,2010,20630,DET,COL,4,5,1,5,4,COL,DET
630,2010,20631,TOR,LA,3,2,-1,2,3,TOR,LA
631,2010,20632,OTT,BOS,0,6,6,6,0,BOS,OTT
632,2010,20633,PHI,BUF,5,2,-3,2,5,PHI,BUF
633,2010,20634,VAN,NYI,5,4,-1,4,5,VAN,NYI
634,2010,20635,MTL,NYR,2,1,-1,1,2,MTL,NYR
635,2010,20636,CGY,CAR,5,6,1,6,5,CAR,CGY
636,2010,20637,PHX,CBJ,4,3,-1,3,4,PHX,CBJ
637,2010,20638,WSH,FLA,3,4,1,4,3,FLA,WSH
638,2010,20639,MIN,NSH,1,5,4,5,1,NSH,MIN
639,2010,20640,EDM,DAL,2,3,1,3,2,DAL,EDM
640,2010,20641,TOR,SJ,4,2,-2,2,4,TOR,SJ
641,2010,20642,PIT,MTL,5,2,-3,2,5,PIT,MTL
642,2010,20643,WSH,TB,0,3,3,3,0,TB,WSH
643,2010,20644,COL,CHI,0,4,4,4,0,CHI,COL
644,2010,20645,STL,ANA,4,7,3,7,4,ANA,STL
645,2010,20646,PHI,BOS,5,7,2,7,5,BOS,PHI
646,2010,20647,CAR,BUF,2,3,1,3,2,BUF,CAR
647,2010,20648,OTT,NYI,6,4,-2,4,6,OTT,NYI
648,2010,20649,VAN,NYR,0,1,1,1,0,NYR,VAN
649,2010,20650,NSH,FLA,2,3,1,3,2,FLA,NSH
650,2010,20651,TOR,PHX,1,5,4,5,1,PHX,TOR
651,2010,20652,STL,LA,3,1,-2,1,3,STL,LA
652,2010,20653,EDM,SJ,5,2,-3,2,5,EDM,SJ
653,2010,20654,VAN,WSH,4,2,-2,2,4,VAN,WSH
654,2010,20655,DET,CBJ,2,3,1,3,2,CBJ,DET
655,2010,20656,CGY,OTT,3,2,-1,2,3,CGY,OTT
656,2010,20657,PHI,ATL,5,2,-3,2,5,PHI,ATL
657,2010,20658,NJ,TB,5,2,-3,2,5,NJ,TB
658,2010,20659,COL,MIN,4,1,-3,1,4,COL,MIN
659,2010,20660,PIT,BOS,3,2,-1,2,3,PIT,BOS
660,2010,20661,CGY,TOR,4,3,-1,3,4,CGY,TOR
661,2010,20662,NYR,MTL,2,3,1,3,2,MTL,NYR
662,2010,20663,BUF,NYI,3,5,2,5,3,NYI,BUF
663,2010,20664,TB,CAR,4,6,2,6,4,CAR,TB
664,2010,20665,NJ,FLA,2,3,1,3,2,FLA,NJ
665,2010,20666,CBJ,DET,5,6,1,6,5,DET,CBJ
666,2010,20667,CHI,NSH,2,3,1,3,2,NSH,CHI
667,2010,20668,ATL,DAL,1,6,5,6,1,DAL,ATL
668,2010,20669,ANA,PHX,2,6,4,6,2,PHX,ANA
669,2010,20670,EDM,LA,2,5,3,5,2,LA,EDM
670,2010,20671,STL,SJ,2,4,2,4,2,SJ,STL
671,2010,20672,OTT,WSH,1,3,2,3,1,WSH,OTT
672,2010,20673,VAN,MIN,0,4,4,4,0,MIN,VAN
673,2010,20674,PHI,NYR,3,2,-1,2,3,PHI,NYR
674,2010,20675,NSH,CHI,3,6,3,6,3,CHI,NSH
675,2010,20676,EDM,ANA,2,3,1,3,2,ANA,EDM
676,2010,20677,CAR,BOS,0,7,7,7,0,BOS,CAR
677,2010,20678,NJ,NYI,5,2,-3,2,5,NJ,NYI
678,2010,20679,SJ,PHX,4,2,-2,2,4,SJ,PHX
679,2010,20680,CGY,MTL,4,5,1,5,4,MTL,CGY
680,2010,20681,ATL,FLA,4,3,-1,3,4,ATL,FLA
681,2010,20682,LA,DAL,1,2,1,2,1,DAL,LA
682,2010,20683,MTL,BUF,1,2,1,2,1,BUF,MTL
683,2010,20684,WSH,PHI,2,3,1,3,2,PHI,WSH
684,2010,20685,DET,PIT,1,4,3,4,1,PIT,DET
685,2010,20686,BOS,CAR,3,2,-1,2,3,BOS,CAR
686,2010,20687,ANA,OTT,2,1,-1,1,2,ANA,OTT
687,2010,20688,CBJ,TB,2,3,1,3,2,TB,CBJ
688,2010,20689,LA,STL,1,2,1,2,1,STL,LA
689,2010,20690,VAN,COL,3,4,1,4,3,COL,VAN
690,2010,20691,MIN,EDM,4,1,-3,1,4,MIN,EDM
691,2010,20692,NSH,PHX,5,2,-3,2,5,NSH,PHX
692,2010,20693,TOR,NYR,0,7,7,7,0,NYR,TOR
693,2010,20694,CBJ,FLA,3,2,-1,2,3,CBJ,FLA
694,2010,20695,MIN,CGY,6,0,-6,0,6,MIN,CGY
695,2010,20696,BUF,BOS,4,2,-2,2,4,BUF,BOS
696,2010,20697,ANA,TOR,2,5,3,5,2,TOR,ANA
697,2010,20698,PIT,NJ,0,2,2,2,0,NJ,PIT
698,2010,20699,WSH,NYI,2,1,-1,1,2,WSH,NYI
699,2010,20700,OTT,PHI,2,6,4,6,2,PHI,OTT
700,2010,20701,NYR,CAR,1,4,3,4,1,CAR,NYR
701,2010,20702,TB,ATL,4,3,-1,3,4,TB,ATL
702,2010,20703,DET,STL,4,3,-1,3,4,DET,STL
703,2010,20704,NSH,COL,5,1,-4,1,5,NSH,COL
704,2010,20705,DAL,EDM,4,2,-2,2,4,DAL,EDM
705,2010,20706,SJ,VAN,2,1,-1,1,2,SJ,VAN
706,2010,20707,PHX,LA,2,0,-2,0,2,PHX,LA
707,2010,20708,NYI,BUF,5,2,-3,2,5,NYI,BUF
708,2010,20709,MTL,OTT,7,1,-6,1,7,MTL,OTT
709,2010,20710,TB,FLA,2,1,-1,1,2,TB,FLA
710,2010,20711,DAL,CGY,4,7,3,7,4,CGY,DAL
711,2010,20712,NJ,PHI,3,1,-2,1,3,NJ,PHI
712,2010,20713,CHI,DET,4,1,-3,1,4,CHI,DET
713,2010,20714,BOS,COL,6,2,-4,2,6,BOS,COL
714,2010,20715,WSH,TOR,4,1,-3,1,4,WSH,TOR
715,2010,20716,ANA,MTL,4,3,-1,3,4,ANA,MTL
716,2010,20717,CAR,PIT,2,3,1,3,2,PIT,CAR
717,2010,20718,NYR,ATL,3,2,-1,2,3,NYR,ATL
718,2010,20719,CBJ,STL,5,2,-3,2,5,CBJ,STL
719,2010,20720,LA,PHX,4,3,-1,3,4,LA,PHX
720,2010,20721,CGY,VAN,5,4,-1,4,5,CGY,VAN
721,2010,20722,MIN,SJ,3,4,1,4,3,SJ,MIN
722,2010,20723,FLA,NJ,2,5,3,5,2,NJ,FLA
723,2010,20724,BUF,NYI,5,3,-2,3,5,BUF,NYI
724,2010,20725,PHI,CHI,4,1,-3,1,4,PHI,CHI
725,2010,20726,ATL,TB,1,7,6,7,1,TB,ATL
726,2010,20727,NSH,EDM,3,2,-1,2,3,NSH,EDM
727,2010,20728,NYR,WSH,4,3,-1,3,4,NYR,WSH
728,2010,20729,TOR,CAR,4,6,2,6,4,CAR,TOR
729,2010,20730,NSH,CGY,1,3,2,3,1,CGY,NSH
730,2010,20731,STL,COL,3,4,1,4,3,COL,STL
731,2010,20732,DAL,VAN,1,7,6,7,1,VAN,DAL
732,2010,20733,BOS,LA,0,2,2,2,0,LA,BOS
733,2010,20734,FLA,NYR,4,3,-1,3,4,FLA,NYR
734,2010,20735,MTL,PHI,2,5,3,5,2,PHI,MTL
735,2010,20736,NYI,PIT,0,1,1,1,0,PIT,NYI
736,2010,20737,ANA,CBJ,3,2,-1,2,3,ANA,CBJ
737,2010,20738,BUF,OTT,3,2,-1,2,3,BUF,OTT
738,2010,20739,TOR,TB,0,2,2,2,0,TB,TOR
739,2010,20740,MIN,CHI,4,2,-2,2,4,MIN,CHI
740,2010,20741,EDM,PHX,4,3,-1,3,4,EDM,PHX
741,2010,20742,FLA,BOS,1,2,1,2,1,BOS,FLA
742,2010,20743,CAR,NYI,4,2,-2,2,4,CAR,NYI
743,2010,20744,WSH,ATL,0,1,1,1,0,ATL,WSH
744,2010,20745,NJ,DET,1,3,2,3,1,DET,NJ
745,2010,20746,EDM,DAL,1,3,2,3,1,DAL,EDM
746,2010,20747,PHX,COL,5,2,-3,2,5,PHX,COL
747,2010,20748,STL,CGY,1,4,3,4,1,CGY,STL
748,2010,20749,NSH,VAN,1,2,1,2,1,VAN,NSH
749,2010,20750,SJ,LA,2,3,1,3,2,LA,SJ
750,2010,20751,FLA,TOR,4,5,1,5,4,TOR,FLA
751,2010,20752,OTT,NJ,1,2,1,2,1,NJ,OTT
752,2010,20753,PIT,NYR,4,3,-1,3,4,PIT,NYR
753,2010,20754,MTL,WSH,3,2,-1,2,3,MTL,WSH
754,2010,20755,BOS,CAR,3,2,-1,2,3,BOS,CAR
755,2010,20756,NYI,ATL,4,1,-3,1,4,NYI,ATL
756,2010,20757,CHI,CBJ,7,4,-3,4,7,CHI,CBJ
757,2010,20758,PHI,TB,0,4,4,4,0,TB,PHI
758,2010,20759,COL,STL,4,3,-1,3,4,COL,STL
759,2010,20760,CGY,NSH,3,2,-1,2,3,CGY,NSH
760,2010,20761,LA,MIN,0,1,1,1,0,MIN,LA
761,2010,20762,VAN,DAL,4,1,-3,1,4,VAN,DAL
762,2010,20763,PHX,SJ,3,5,2,5,3,SJ,PHX
763,2010,20764,DET,OTT,7,5,-2,5,7,DET,OTT
764,2010,20765,NYI,PIT,0,3,3,3,0,PIT,NYI
765,2010,20766,FLA,MTL,2,3,1,3,2,MTL,FLA
766,2010,20767,VAN,PHX,6,0,-6,0,6,VAN,PHX
767,2010,20768,LA,EDM,3,1,-2,1,3,LA,EDM
768,2010,20769,SJ,ANA,4,3,-1,3,4,SJ,ANA
769,2010,20770,DAL,BOS,3,6,3,6,3,BOS,DAL
770,2010,20771,CAR,TOR,0,3,3,3,0,TOR,CAR
771,2010,20772,NJ,NYR,3,2,-1,2,3,NJ,NYR
772,2010,20773,NSH,PHI,2,3,1,3,2,PHI,NSH
773,2010,20774,CGY,ATL,4,2,-2,2,4,CGY,ATL
774,2010,20775,MIN,COL,4,3,-1,3,4,MIN,COL
775,2010,20776,FLA,NJ,4,3,-1,3,4,FLA,NJ
776,2010,20777,BUF,PIT,2,3,1,3,2,PIT,BUF
777,2010,20778,CBJ,DET,3,0,-3,0,3,CBJ,DET
778,2010,20779,WSH,TB,5,2,-3,2,5,WSH,TB
779,2010,20780,EDM,STL,3,5,2,5,3,STL,EDM
780,2010,20781,CHI,VAN,3,4,1,4,3,VAN,CHI
781,2010,20782,SJ,BOS,2,0,-2,0,2,SJ,BOS
782,2010,20783,NYR,MTL,0,2,2,2,0,MTL,NYR
783,2010,20784,ANA,COL,3,0,-3,0,3,ANA,COL
784,2010,20785,TOR,BUF,2,6,4,6,2,BUF,TOR
785,2010,20786,OTT,NYI,3,5,2,5,3,NYI,OTT
786,2010,20787,DAL,PHI,1,3,2,3,1,PHI,DAL
787,2010,20788,ATL,CAR,3,4,1,4,3,CAR,ATL
788,2010,20789,EDM,CBJ,3,4,1,4,3,CBJ,EDM
789,2010,20790,DET,NSH,0,3,3,3,0,NSH,DET
790,2010,20791,MIN,PHX,0,1,1,1,0,PHX,MIN
791,2010,20792,LA,CGY,6,5,-1,5,6,LA,CGY
792,2010,20793,PIT,WSH,0,3,3,3,0,WSH,PIT
793,2010,20794,NJ,MTL,4,1,-3,1,4,NJ,MTL
794,2010,20795,STL,TB,3,4,1,4,3,TB,STL
795,2010,20796,ATL,TOR,4,5,1,5,4,TOR,ATL
796,2010,20797,NYR,DET,2,3,1,3,2,DET,NYR
797,2010,20798,EDM,NSH,4,0,-4,0,4,EDM,NSH
798,2010,20799,CHI,CGY,1,3,2,3,1,CGY,CHI
799,2010,20800,COL,PHX,0,3,3,3,0,PHX,COL
800,2010,20801,OTT,VAN,2,4,2,4,2,VAN,OTT
801,2010,20802,CAR,NJ,2,3,1,3,2,NJ,CAR
802,2010,20803,TOR,NYI,5,3,-2,3,5,TOR,NYI
803,2010,20804,CBJ,PIT,4,1,-3,1,4,CBJ,PIT
804,2010,20805,SJ,WSH,2,0,-2,0,2,SJ,WSH
805,2010,20806,BUF,TB,7,4,-3,4,7,BUF,TB
806,2010,20807,STL,FLA,2,1,-1,1,2,STL,FLA
807,2010,20808,MTL,BOS,6,8,2,8,6,BOS,MTL
808,2010,20809,NSH,DET,4,1,-3,1,4,NSH,DET
809,2010,20810,SJ,CBJ,3,2,-1,2,3,SJ,CBJ
810,2010,20811,COL,MIN,2,3,1,3,2,MIN,COL
811,2010,20812,PHX,DAL,3,2,-1,2,3,PHX,DAL
812,2010,20813,OTT,CGY,2,5,3,5,2,CGY,OTT
813,2010,20814,CHI,EDM,4,1,-3,1,4,CHI,EDM
814,2010,20815,ANA,VAN,4,3,-1,3,4,ANA,VAN
815,2010,20816,NJ,TOR,2,1,-1,1,2,NJ,TOR
816,2010,20817,CAR,PHI,1,2,1,2,1,PHI,CAR
817,2010,20818,LA,PIT,1,2,1,2,1,PIT,LA
818,2010,20819,NYI,MTL,4,3,-1,3,4,NYI,MTL
819,2010,20820,BUF,FLA,3,2,-1,2,3,BUF,FLA
820,2010,20821,DET,BOS,6,1,-5,1,6,DET,BOS
821,2010,20822,SJ,NJ,1,2,1,2,1,NJ,SJ
822,2010,20823,PIT,NYI,3,9,6,9,3,NYI,PIT
823,2010,20824,COL,CBJ,1,3,2,3,1,CBJ,COL
824,2010,20825,NYR,ATL,2,3,1,3,2,ATL,NYR
825,2010,20826,MIN,STL,8,7,-1,7,8,MIN,STL
826,2010,20827,CHI,DAL,4,6,2,6,4,DAL,CHI
827,2010,20828,ANA,CGY,5,4,-1,4,5,ANA,CGY
828,2010,20829,LA,WSH,4,1,-3,1,4,LA,WSH
829,2010,20830,OTT,EDM,5,3,-2,3,5,OTT,EDM
830,2010,20831,TOR,MTL,0,3,3,3,0,MTL,TOR
831,2010,20832,CAR,TB,3,4,1,4,3,TB,CAR
832,2010,20833,COL,NSH,3,5,2,5,3,NSH,COL
833,2010,20834,CHI,PHX,2,3,1,3,2,PHX,CHI
834,2010,20835,STL,MIN,1,3,2,3,1,MIN,STL
835,2010,20836,CGY,VAN,2,4,2,4,2,VAN,CGY
836,2010,20837,NYI,BUF,7,6,-1,6,7,NYI,BUF
837,2010,20838,PIT,NYR,3,5,2,5,3,NYR,PIT
838,2010,20839,CBJ,DAL,2,1,-1,1,2,CBJ,DAL
839,2010,20840,CAR,ATL,3,2,-1,2,3,CAR,ATL
840,2010,20841,SJ,FLA,2,3,1,3,2,FLA,SJ
841,2010,20842,BOS,DET,2,4,2,4,2,DET,BOS
842,2010,20843,LA,PHI,1,0,-1,0,1,LA,PHI
843,2010,20844,ANA,EDM,4,0,-4,0,4,ANA,EDM
844,2010,20845,VAN,STL,2,3,1,3,2,STL,VAN
845,2010,20846,CGY,COL,9,1,-8,1,9,CGY,COL
846,2010,20847,WSH,PHX,2,3,1,3,2,PHX,WSH
847,2010,20848,TOR,BOS,4,3,-1,3,4,TOR,BOS
848,2010,20849,BUF,MTL,6,5,-1,5,6,BUF,MTL
849,2010,20850,NYI,OTT,5,4,-1,4,5,NYI,OTT
850,2010,20851,PHI,TB,5,4,-1,4,5,PHI,TB
851,2010,20852,SJ,NSH,2,1,-1,1,2,SJ,NSH
852,2010,20853,VAN,MIN,4,1,-3,1,4,VAN,MIN
853,2010,20854,DAL,EDM,1,4,3,4,1,EDM,DAL
854,2010,20855,TOR,BUF,2,1,-1,1,2,TOR,BUF
855,2010,20856,CAR,NJ,2,3,1,3,2,NJ,CAR
856,2010,20857,LA,CBJ,4,3,-1,3,4,LA,CBJ
857,2010,20858,PHI,FLA,4,2,-2,2,4,PHI,FLA
858,2010,20859,MIN,CHI,1,3,2,3,1,CHI,MIN
859,2010,20860,PIT,COL,3,2,-1,2,3,PIT,COL
860,2010,20861,DAL,CGY,2,4,2,4,2,CGY,DAL
861,2010,20862,WSH,ANA,7,6,-1,6,7,WSH,ANA
862,2010,20863,BOS,NYI,6,3,-3,3,6,BOS,NYI
863,2010,20864,LA,NYR,4,5,1,5,4,NYR,LA
864,2010,20865,DET,TB,6,2,-4,2,6,DET,TB
865,2010,20866,VAN,NSH,1,3,2,3,1,NSH,VAN
866,2010,20867,MTL,EDM,1,4,3,4,1,EDM,MTL
867,2010,20868,ATL,PHX,3,4,1,4,3,PHX,ATL
868,2010,20869,WSH,SJ,2,3,1,3,2,SJ,WSH
869,2010,20870,NYR,NJ,0,1,1,1,0,NJ,NYR
870,2010,20871,PHI,CAR,2,3,1,3,2,CAR,PHI
871,2010,20872,STL,BUF,3,0,-3,0,3,STL,BUF
872,2010,20873,BOS,OTT,4,2,-2,2,4,BOS,OTT
873,2010,20874,DET,FLA,4,3,-1,3,4,DET,FLA
874,2010,20875,ANA,MIN,1,5,4,5,1,MIN,ANA
875,2010,20876,CBJ,CHI,4,3,-1,3,4,CBJ,CHI
876,2010,20877,ATL,EDM,3,5,2,5,3,EDM,ATL
877,2010,20878,OTT,TOR,1,0,-1,0,1,OTT,TOR
878,2010,20879,LA,NYI,0,3,3,3,0,NYI,LA
879,2010,20880,NJ,CAR,4,1,-3,1,4,NJ,CAR
880,2010,20881,FLA,TB,3,2,-1,2,3,FLA,TB
881,2010,20882,ANA,STL,3,9,6,9,3,STL,ANA
882,2010,20883,PHX,NSH,3,2,-1,2,3,PHX,NSH
883,2010,20884,DAL,VAN,2,5,3,5,2,VAN,DAL
884,2010,20885,COL,SJ,0,4,4,4,0,SJ,COL
885,2010,20886,WSH,BUF,2,1,-1,1,2,WSH,BUF
886,2010,20887,PHI,NYR,4,2,-2,2,4,PHI,NYR
887,2010,20888,PIT,CHI,2,3,1,3,2,CHI,PIT
888,2010,20889,DET,MIN,3,1,-2,1,3,DET,MIN
889,2010,20890,MTL,CGY,0,4,4,4,0,CGY,MTL
890,2010,20891,FLA,NYI,1,5,4,5,1,NYI,FLA
891,2010,20892,CHI,STL,5,3,-2,3,5,CHI,STL
892,2010,20893,WSH,PIT,1,0,-1,0,1,WSH,PIT
893,2010,20894,NYI,TOR,1,2,1,2,1,TOR,NYI
894,2010,20895,PHX,PHI,3,2,-1,2,3,PHX,PHI
895,2010,20896,NYR,CAR,4,3,-1,3,4,NYR,CAR
896,2010,20897,SJ,DET,4,3,-1,3,4,SJ,DET
897,2010,20898,NSH,CBJ,0,4,4,4,0,CBJ,NSH
898,2010,20899,EDM,MIN,1,4,3,4,1,MIN,EDM
899,2010,20900,NJ,DAL,1,0,-1,0,1,NJ,DAL
900,2010,20901,MTL,VAN,3,2,-1,2,3,MTL,VAN
901,2010,20902,ATL,BUF,1,4,3,4,1,BUF,ATL
902,2010,20903,FLA,OTT,1,5,4,5,1,OTT,FLA
903,2010,20904,SJ,PIT,3,2,-1,2,3,SJ,PIT
904,2010,20905,PHX,TB,3,8,5,8,3,TB,PHX
905,2010,20906,BOS,CGY,3,1,-2,1,3,BOS,CGY
906,2010,20907,EDM,COL,5,1,-4,1,5,EDM,COL
907,2010,20908,LA,ANA,3,2,-1,2,3,LA,ANA
908,2010,20909,NYI,PHI,3,4,1,4,3,PHI,NYI
909,2010,20910,DAL,DET,4,1,-3,1,4,DAL,DET
910,2010,20911,TOR,MTL,5,4,-1,4,5,TOR,MTL
911,2010,20912,CHI,NSH,3,0,-3,0,3,CHI,NSH
912,2010,20913,STL,VAN,2,3,1,3,2,VAN,STL
913,2010,20914,MIN,LA,2,4,2,4,2,LA,MIN
914,2010,20915,NYR,WSH,6,0,-6,0,6,NYR,WSH
915,2010,20916,PIT,CAR,1,4,3,4,1,CAR,PIT
916,2010,20917,PHX,CBJ,3,5,2,5,3,CBJ,PHX
917,2010,20918,OTT,BUF,2,4,2,4,2,BUF,OTT
918,2010,20919,FLA,ATL,3,2,-1,2,3,FLA,ATL
919,2010,20920,NJ,TB,1,2,1,2,1,TB,NJ
920,2010,20921,SJ,CGY,4,3,-1,3,4,SJ,CGY
921,2010,20922,STL,EDM,5,0,-5,0,5,STL,EDM
922,2010,20923,MIN,ANA,3,2,-1,2,3,MIN,ANA
923,2010,20924,NSH,DAL,2,3,1,3,2,DAL,NSH
924,2010,20925,COL,LA,3,4,1,4,3,LA,COL
925,2010,20926,DET,BUF,4,2,-2,2,4,DET,BUF
926,2010,20927,PIT,TOR,6,5,-1,5,6,PIT,TOR
927,2010,20928,CAR,MTL,3,4,1,4,3,MTL,CAR
928,2010,20929,PHI,OTT,1,4,3,4,1,OTT,PHI
929,2010,20930,WSH,NYI,3,2,-1,2,3,WSH,NYI
930,2010,20931,BOS,VAN,3,1,-2,1,3,BOS,VAN
931,2010,20932,TB,NYR,2,1,-1,1,2,TB,NYR
932,2010,20933,CBJ,NSH,2,3,1,3,2,NSH,CBJ
933,2010,20934,TOR,ATL,2,3,1,3,2,ATL,TOR
934,2010,20935,NJ,FLA,2,1,-1,1,2,NJ,FLA
935,2010,20936,PHX,CHI,3,4,1,4,3,CHI,PHX
936,2010,20937,STL,CGY,0,1,1,1,0,CGY,STL
937,2010,20938,BOS,EDM,3,2,-1,2,3,BOS,EDM
938,2010,20939,COL,ANA,2,3,1,3,2,ANA,COL
939,2010,20940,CHI,MIN,4,2,-2,2,4,CHI,MIN
940,2010,20941,DET,LA,7,4,-3,4,7,DET,LA
941,2010,20942,BUF,NYR,3,2,-1,2,3,BUF,NYR
942,2010,20943,NYI,WSH,1,2,1,2,1,WSH,NYI
943,2010,20944,FLA,CAR,1,2,1,2,1,CAR,FLA
944,2010,20945,MTL,ATL,3,1,-2,1,3,MTL,ATL
945,2010,20946,BOS,OTT,1,0,-1,0,1,BOS,OTT
946,2010,20947,CGY,STL,6,0,-6,0,6,CGY,STL
947,2010,20948,NSH,EDM,2,3,1,3,2,EDM,NSH
948,2010,20949,DAL,PHX,3,2,-1,2,3,DAL,PHX
949,2010,20950,CBJ,VAN,3,4,1,4,3,VAN,CBJ
950,2010,20951,COL,SJ,1,2,1,2,1,SJ,COL
951,2010,20952,PIT,TOR,2,3,1,3,2,TOR,PIT
952,2010,20953,TB,NJ,1,2,1,2,1,NJ,TB
953,2010,20954,MIN,NYI,1,4,3,4,1,NYI,MIN
954,2010,20955,CGY,CHI,4,6,2,6,4,CHI,CGY
955,2010,20956,DET,ANA,1,2,1,2,1,ANA,DET
956,2010,20957,TB,BOS,1,2,1,2,1,BOS,TB
957,2010,20958,MIN,NYR,3,1,-2,1,3,MIN,NYR
958,2010,20959,TOR,PHI,3,2,-1,2,3,TOR,PHI
959,2010,20960,STL,WSH,2,3,1,3,2,WSH,STL
960,2010,20961,BUF,CAR,2,3,1,3,2,CAR,BUF
961,2010,20962,OTT,ATL,3,1,-2,1,3,OTT,ATL
962,2010,20963,MTL,FLA,4,0,-4,0,4,MTL,FLA
963,2010,20964,CBJ,EDM,2,4,2,4,2,EDM,CBJ
964,2010,20965,NSH,VAN,3,0,-3,0,3,NSH,VAN
965,2010,20966,PHX,LA,0,1,1,1,0,LA,PHX
966,2010,20967,DET,SJ,1,3,2,3,1,SJ,DET
967,2010,20968,PIT,NJ,1,2,1,2,1,NJ,PIT
968,2010,20969,NYR,OTT,4,1,-3,1,4,NYR,OTT
969,2010,20970,CAR,CHI,2,5,3,5,2,CHI,CAR
970,2010,20971,CBJ,CGY,3,4,1,4,3,CGY,CBJ
971,2010,20972,DAL,ANA,3,4,1,4,3,ANA,DAL
972,2010,20973,STL,NYI,2,5,3,5,2,NYI,STL
973,2010,20974,BUF,PHI,5,3,-2,3,5,BUF,PHI
974,2010,20975,VAN,LA,3,1,-2,1,3,VAN,LA
975,2010,20976,PIT,BOS,3,2,-1,2,3,PIT,BOS
976,2010,20977,CHI,TOR,5,3,-2,3,5,CHI,TOR
977,2010,20978,FLA,ATL,3,4,1,4,3,ATL,FLA
978,2010,20979,MTL,TB,4,2,-2,2,4,MTL,TB
979,2010,20980,DET,PHX,4,5,1,5,4,PHX,DET
980,2010,20981,EDM,COL,5,1,-4,1,5,EDM,COL
981,2010,20982,DAL,SJ,3,2,-1,2,3,DAL,SJ
982,2010,20983,NJ,NYI,4,3,-1,3,4,NJ,NYI
983,2010,20984,PHI,NYR,0,7,7,7,0,NYR,PHI
984,2010,20985,WSH,FLA,3,2,-1,2,3,WSH,FLA
985,2010,20986,BUF,MIN,3,2,-1,2,3,BUF,MIN
986,2010,20987,NSH,CGY,2,3,1,3,2,CGY,NSH
987,2010,20988,VAN,ANA,3,0,-3,0,3,VAN,ANA
988,2010,20989,WSH,TB,2,1,-1,1,2,WSH,TB
989,2010,20990,CBJ,STL,6,7,1,7,6,STL,CBJ
990,2010,20991,DAL,LA,4,3,-1,3,4,DAL,LA
991,2010,20992,OTT,NJ,2,1,-1,1,2,OTT,NJ
992,2010,20993,TOR,NYI,3,4,1,4,3,NYI,TOR
993,2010,20994,EDM,PHI,1,4,3,4,1,PHI,EDM
994,2010,20995,BUF,PIT,1,3,2,3,1,PIT,BUF
995,2010,20996,BOS,MTL,1,4,3,4,1,MTL,BOS
996,2010,20997,CHI,FLA,2,3,1,3,2,FLA,CHI
997,2010,20998,COL,MIN,2,5,3,5,2,MIN,COL
998,2010,20999,VAN,PHX,4,3,-1,3,4,VAN,PHX
999,2010,21000,NSH,SJ,2,3,1,3,2,SJ,NSH
1000,2010,21001,EDM,WSH,0,5,5,5,0,WSH,EDM
1001,2010,21002,ATL,CAR,3,2,-1,2,3,ATL,CAR
1002,2010,21003,LA,DET,2,1,-1,1,2,LA,DET
1003,2010,21004,STL,CBJ,4,3,-1,3,4,STL,CBJ
1004,2010,21005,CHI,TB,3,4,1,4,3,TB,CHI
1005,2010,21006,CGY,DAL,5,4,-1,4,5,CGY,DAL
1006,2010,21007,NYR,ANA,2,5,3,5,2,ANA,NYR
1007,2010,21008,BUF,BOS,4,3,-1,3,4,BUF,BOS
1008,2010,21009,PHI,TOR,3,2,-1,2,3,PHI,TOR
1009,2010,21010,OTT,FLA,2,1,-1,1,2,OTT,FLA
1010,2010,21011,MTL,STL,1,4,3,4,1,STL,MTL
1011,2010,21012,MIN,NSH,0,4,4,4,0,NSH,MIN
1012,2010,21013,CGY,PHX,0,3,3,3,0,PHX,CGY
1013,2010,21014,VAN,SJ,5,4,-1,4,5,VAN,SJ
1014,2010,21015,BOS,NYI,2,4,2,4,2,NYI,BOS
1015,2010,21016,CAR,WSH,1,2,1,2,1,WSH,CAR
1016,2010,21017,EDM,DET,1,2,1,2,1,DET,EDM
1017,2010,21018,LA,CBJ,4,2,-2,2,4,LA,CBJ
1018,2010,21019,NJ,ATL,3,2,-1,2,3,NJ,ATL
1019,2010,21020,OTT,TB,2,1,-1,1,2,OTT,TB
1020,2010,21021,MIN,DAL,0,4,4,4,0,DAL,MIN
1021,2010,21022,ANA,COL,6,2,-4,2,6,ANA,COL
1022,2010,21023,MTL,PIT,3,0,-3,0,3,MTL,PIT
1023,2010,21024,BUF,TOR,3,4,1,4,3,TOR,BUF
1024,2010,21025,NYI,NJ,2,3,1,3,2,NJ,NYI
1025,2010,21026,ATL,PHI,5,4,-1,4,5,ATL,PHI
1026,2010,21027,CBJ,CAR,3,2,-1,2,3,CBJ,CAR
1027,2010,21028,TB,FLA,3,4,1,4,3,FLA,TB
1028,2010,21029,DET,STL,5,3,-2,3,5,DET,STL
1029,2010,21030,COL,NSH,2,4,2,4,2,NSH,COL
1030,2010,21031,VAN,CGY,4,3,-1,3,4,VAN,CGY
1031,2010,21032,NYR,SJ,4,3,-1,3,4,NYR,SJ
1032,2010,21033,EDM,PIT,1,5,4,5,1,PIT,EDM
1033,2010,21034,CHI,WSH,3,4,1,4,3,WSH,CHI
1034,2010,21035,LA,DAL,3,2,-1,2,3,LA,DAL
1035,2010,21036,OTT,BUF,4,6,2,6,4,BUF,OTT
1036,2010,21037,PHX,ANA,5,2,-3,2,5,PHX,ANA
1037,2010,21038,TB,TOR,6,2,-4,2,6,TB,TOR
1038,2010,21039,SJ,CHI,3,6,3,6,3,CHI,SJ
1039,2010,21040,MIN,VAN,2,4,2,4,2,VAN,MIN
1040,2010,21041,CAR,BUF,1,0,-1,0,1,CAR,BUF
1041,2010,21042,ATL,NJ,2,4,2,4,2,NJ,ATL
1042,2010,21043,NYI,NYR,3,6,3,6,3,NYR,NYI
1043,2010,21044,BOS,CBJ,3,2,-1,2,3,BOS,CBJ
1044,2010,21045,WSH,MTL,4,2,-2,2,4,WSH,MTL
1045,2010,21046,PIT,OTT,5,1,-4,1,5,PIT,OTT
1046,2010,21047,PHI,FLA,3,2,-1,2,3,PHI,FLA
1047,2010,21048,LA,NSH,4,2,-2,2,4,LA,NSH
1048,2010,21049,SJ,DAL,6,3,-3,3,6,SJ,DAL
1049,2010,21050,PHX,CGY,4,3,-1,3,4,PHX,CGY
1050,2010,21051,TOR,CAR,3,1,-2,1,3,TOR,CAR
1051,2010,21052,WSH,DET,2,3,1,3,2,DET,WSH
1052,2010,21053,COL,VAN,2,4,2,4,2,VAN,COL
1053,2010,21054,STL,ANA,1,2,1,2,1,ANA,STL
1054,2010,21055,PHI,ATL,3,5,2,5,3,ATL,PHI
1055,2010,21056,DET,CBJ,2,0,-2,0,2,DET,CBJ
1056,2010,21057,TB,MTL,3,4,1,4,3,MTL,TB
1057,2010,21058,NJ,OTT,1,3,2,3,1,OTT,NJ
1058,2010,21059,TOR,FLA,0,4,4,4,0,FLA,TOR
1059,2010,21060,BOS,NSH,3,4,1,4,3,NSH,BOS
1060,2010,21061,CHI,DAL,0,5,5,5,0,DAL,CHI
1061,2010,21062,COL,CGY,2,5,3,5,2,CGY,COL
1062,2010,21063,PHX,EDM,3,1,-2,1,3,PHX,EDM
1063,2010,21064,STL,LA,4,0,-4,0,4,STL,LA
1064,2010,21065,MIN,SJ,2,3,1,3,2,SJ,MIN
1065,2010,21066,WSH,NJ,3,0,-3,0,3,WSH,NJ
1066,2010,21067,MTL,NYR,3,6,3,6,3,NYR,MTL
1067,2010,21068,NYI,CAR,2,3,1,3,2,CAR,NYI
1068,2010,21069,PHX,VAN,3,1,-2,1,3,PHX,VAN
1069,2010,21070,CBJ,MIN,5,4,-1,4,5,CBJ,MIN
1070,2010,21071,ATL,BUF,2,8,6,8,2,BUF,ATL
1071,2010,21072,BOS,TOR,2,5,3,5,2,TOR,BOS
1072,2010,21073,TB,OTT,2,3,1,3,2,OTT,TB
1073,2010,21074,NYI,FLA,5,3,-2,3,5,NYI,FLA
1074,2010,21075,DET,NSH,1,3,2,3,1,NSH,DET
1075,2010,21076,PHI,DAL,4,3,-1,3,4,PHI,DAL
1076,2010,21077,COL,EDM,3,2,-1,2,3,COL,EDM
1077,2010,21078,ANA,LA,2,1,-1,1,2,ANA,LA
1078,2010,21079,STL,SJ,3,5,2,5,3,SJ,STL
1079,2010,21080,NYR,PIT,5,2,-3,2,5,NYR,PIT
1080,2010,21081,NSH,BUF,4,3,-1,3,4,NSH,BUF
1081,2010,21082,NJ,CBJ,3,0,-3,0,3,NJ,CBJ
1082,2010,21083,MTL,MIN,8,1,-7,1,8,MTL,MIN
1083,2010,21084,CHI,PHX,2,1,-1,1,2,CHI,PHX
1084,2010,21085,CGY,ANA,4,5,1,5,4,ANA,CGY
1085,2010,21086,PIT,DET,5,4,-1,4,5,PIT,DET
1086,2010,21087,CGY,LA,2,3,1,3,2,LA,CGY
1087,2010,21088,NJ,BOS,1,4,3,4,1,BOS,NJ
1088,2010,21089,FLA,NYR,0,1,1,1,0,NYR,FLA
1089,2010,21090,WSH,PHI,7,6,-1,6,7,WSH,PHI
1090,2010,21091,OTT,CAR,3,4,1,4,3,CAR,OTT
1091,2010,21092,BUF,MTL,2,0,-2,0,2,BUF,MTL
1092,2010,21093,NYI,TB,5,2,-3,2,5,NYI,TB
1093,2010,21094,EDM,NSH,1,3,2,3,1,NSH,EDM
1094,2010,21095,TOR,MIN,3,0,-3,0,3,TOR,MIN
1095,2010,21096,CBJ,COL,4,5,1,5,4,COL,CBJ
1096,2010,21097,STL,PHX,1,2,1,2,1,PHX,STL
1097,2010,21098,VAN,DET,2,1,-1,1,2,VAN,DET
1098,2010,21099,FLA,CHI,0,4,4,4,0,CHI,FLA
1099,2010,21100,ANA,DAL,4,3,-1,3,4,ANA,DAL
1100,2010,21101,CGY,SJ,3,6,3,6,3,SJ,CGY
1101,2010,21102,MTL,BOS,0,7,7,7,0,BOS,MTL
1102,2010,21103,ATL,NYI,2,1,-1,1,2,ATL,NYI
1103,2010,21104,OTT,NYR,2,1,-1,1,2,OTT,NYR
1104,2010,21105,PIT,PHI,3,2,-1,2,3,PIT,PHI
1105,2010,21106,EDM,STL,0,4,4,4,0,STL,EDM
1106,2010,21107,ANA,NSH,4,5,1,5,4,NSH,ANA
1107,2010,21108,TOR,COL,4,3,-1,3,4,TOR,COL
1108,2010,21109,CBJ,PHX,0,3,3,3,0,PHX,CBJ
1109,2010,21110,SJ,LA,4,5,1,5,4,LA,SJ
1110,2010,21111,NJ,PIT,0,1,1,1,0,PIT,NJ
1111,2010,21112,FLA,BUF,2,4,2,4,2,BUF,FLA
1112,2010,21113,WSH,OTT,0,2,2,2,0,OTT,WSH
1113,2010,21114,VAN,ATL,3,1,-2,1,3,VAN,ATL
1114,2010,21115,CAR,TB,4,3,-1,3,4,CAR,TB
1115,2010,21116,NYR,BOS,1,0,-1,0,1,NYR,BOS
1116,2010,21117,COL,LA,1,4,3,4,1,LA,COL
1117,2010,21118,NJ,BUF,0,2,2,2,0,BUF,NJ
1118,2010,21119,WSH,MTL,2,0,-2,0,2,WSH,MTL
1119,2010,21120,PHI,NYI,4,1,-3,1,4,PHI,NYI
1120,2010,21121,TB,CAR,4,2,-2,2,4,TB,CAR
1121,2010,21122,TOR,DET,2,4,2,4,2,DET,TOR
1122,2010,21123,DAL,NSH,2,4,2,4,2,NSH,DAL
1123,2010,21124,STL,MIN,6,3,-3,3,6,STL,MIN
1124,2010,21125,ANA,CHI,2,1,-1,1,2,ANA,CHI
1125,2010,21126,SJ,PHX,4,1,-3,1,4,SJ,PHX
1126,2010,21127,CGY,EDM,5,4,-1,4,5,CGY,EDM
1127,2010,21128,FLA,PIT,1,3,2,3,1,PIT,FLA
1128,2010,21129,OTT,ATL,4,5,1,5,4,ATL,OTT
1129,2010,21130,VAN,CBJ,4,1,-3,1,4,VAN,CBJ
1130,2010,21131,BOS,PHI,2,1,-1,1,2,BOS,PHI
1131,2010,21132,CHI,DET,3,2,-1,2,3,CHI,DET
1132,2010,21133,COL,ANA,4,5,1,5,4,ANA,COL
1133,2010,21134,CHI,BOS,0,3,3,3,0,BOS,CHI
1134,2010,21135,BUF,TOR,3,4,1,4,3,TOR,BUF
1135,2010,21136,PHI,PIT,5,2,-3,2,5,PHI,PIT
1136,2010,21137,CAR,WSH,4,2,-2,2,4,CAR,WSH
1137,2010,21138,FLA,CBJ,2,3,1,3,2,CBJ,FLA
1138,2010,21139,ATL,MTL,1,3,2,3,1,MTL,ATL
1139,2010,21140,OTT,TB,2,5,3,5,2,TB,OTT
1140,2010,21141,MIN,STL,4,3,-1,3,4,MIN,STL
1141,2010,21142,VAN,NSH,3,1,-2,1,3,VAN,NSH
1142,2010,21143,LA,EDM,2,0,-2,0,2,LA,EDM
1143,2010,21144,DAL,PHX,2,3,1,3,2,PHX,DAL
1144,2010,21145,NYR,BUF,0,1,1,1,0,BUF,NYR
1145,2010,21146,NYI,NJ,2,3,1,3,2,NJ,NYI
1146,2010,21147,MTL,CAR,2,6,4,6,2,CAR,MTL
1147,2010,21148,STL,DET,10,3,-7,3,10,STL,DET
1148,2010,21149,ANA,CGY,4,2,-2,2,4,ANA,CGY
1149,2010,21150,TOR,BOS,4,3,-1,3,4,TOR,BOS
1150,2010,21151,NYR,NYI,2,6,4,6,2,NYI,NYR
1151,2010,21152,ATL,PHI,1,0,-1,0,1,ATL,PHI
1152,2010,21153,CBJ,WSH,3,4,1,4,3,WSH,CBJ
1153,2010,21154,PIT,TB,1,2,1,2,1,TB,PIT
1154,2010,21155,OTT,FLA,4,1,-3,1,4,OTT,FLA
1155,2010,21156,EDM,MIN,2,4,2,4,2,MIN,EDM
1156,2010,21157,NSH,COL,3,2,-1,2,3,NSH,COL
1157,2010,21158,LA,VAN,1,3,2,3,1,VAN,LA
1158,2010,21159,DAL,SJ,0,6,6,6,0,SJ,DAL
1159,2010,21160,PHI,NJ,2,4,2,4,2,NJ,PHI
1160,2010,21161,CHI,CBJ,4,3,-1,3,4,CHI,CBJ
1161,2010,21162,CGY,STL,3,2,-1,2,3,CGY,STL
1162,2010,21163,COL,PHX,4,3,-1,3,4,COL,PHX
1163,2010,21164,ATL,BOS,2,3,1,3,2,BOS,ATL
1164,2010,21165,TB,MIN,3,1,-2,1,3,TB,MIN
1165,2010,21166,DET,NSH,4,3,-1,3,4,DET,NSH
1166,2010,21167,DAL,LA,1,3,2,3,1,LA,DAL
1167,2010,21168,TOR,OTT,4,2,-2,2,4,TOR,OTT
1168,2010,21169,MTL,NJ,3,1,-2,1,3,MTL,NJ
1169,2010,21170,CAR,NYI,4,2,-2,2,4,CAR,NYI
1170,2010,21171,BUF,WSH,4,5,1,5,4,WSH,BUF
1171,2010,21172,PIT,FLA,4,2,-2,2,4,PIT,FLA
1172,2010,21173,EDM,VAN,4,1,-3,1,4,EDM,VAN
1173,2010,21174,ANA,SJ,2,4,2,4,2,SJ,ANA
1174,2010,21175,NYR,PHI,4,2,-2,2,4,NYR,PHI
1175,2010,21176,BUF,CAR,2,1,-1,1,2,BUF,CAR
1176,2010,21177,MIN,DET,2,4,2,4,2,DET,MIN
1177,2010,21178,STL,CBJ,6,1,-5,1,6,STL,CBJ
1178,2010,21179,TB,CHI,2,0,-2,0,2,TB,CHI
1179,2010,21180,CGY,COL,2,1,-1,1,2,CGY,COL
1180,2010,21181,DAL,ANA,4,3,-1,3,4,DAL,ANA
1181,2010,21182,BOS,NYR,3,5,2,5,3,NYR,BOS
1182,2010,21183,LA,SJ,1,6,5,6,1,SJ,LA
1183,2010,21184,TB,BUF,2,4,2,4,2,BUF,TB
1184,2010,21185,WSH,TOR,3,2,-1,2,3,WSH,TOR
1185,2010,21186,NJ,PIT,2,4,2,4,2,PIT,NJ
1186,2010,21187,CHI,MTL,1,2,1,2,1,MTL,CHI
1187,2010,21188,PHI,OTT,2,5,3,5,2,OTT,PHI
1188,2010,21189,COL,STL,1,3,2,3,1,STL,COL
1189,2010,21190,ATL,NSH,3,6,3,6,3,NSH,ATL
1190,2010,21191,CBJ,DAL,0,3,3,3,0,DAL,CBJ
1191,2010,21192,VAN,EDM,0,2,2,2,0,EDM,VAN
1192,2010,21193,NYI,BOS,2,3,1,3,2,BOS,NYI
1193,2010,21194,TOR,NJ,2,4,2,4,2,NJ,TOR
1194,2010,21195,FLA,WSH,2,5,3,5,2,WSH,FLA
1195,2010,21196,DET,CAR,0,3,3,3,0,CAR,DET
1196,2010,21197,STL,CHI,3,4,1,4,3,CHI,STL
1197,2010,21198,EDM,CGY,1,6,5,6,1,CGY,EDM
1198,2010,21199,SJ,ANA,2,6,4,6,2,ANA,SJ
1199,2010,21200,PHX,LA,3,4,1,4,3,LA,PHX
1200,2010,21201,ATL,NYR,3,0,-3,0,3,ATL,NYR
1201,2010,21202,MTL,OTT,2,3,1,3,2,OTT,MTL
1202,2010,21203,COL,DAL,2,4,2,4,2,DAL,COL
1203,2010,21204,MIN,VAN,0,5,5,5,0,VAN,MIN
1204,2010,21205,PIT,NYI,4,3,-1,3,4,PIT,NYI
1205,2010,21206,CHI,DET,4,2,-2,2,4,CHI,DET
1206,2010,21207,PHI,BUF,3,4,1,4,3,BUF,PHI
1207,2010,21208,CAR,ATL,6,1,-5,1,6,CAR,ATL
1208,2010,21209,FLA,TB,2,4,2,4,2,TB,FLA
1209,2010,21210,CBJ,NSH,1,4,3,4,1,NSH,CBJ
1210,2010,21211,DAL,COL,3,2,-1,2,3,DAL,COL
1211,2010,21212,MIN,EDM,3,1,-2,1,3,MIN,EDM
1212,2010,21213,SJ,PHX,3,4,1,4,3,PHX,SJ
1213,2010,21214,LA,ANA,1,2,1,2,1,ANA,LA
1214,2010,21215,NJ,NYR,2,5,3,5,2,NYR,NJ
1215,2010,21216,OTT,BOS,1,3,2,3,1,BOS,OTT
1216,2010,21217,MTL,TOR,4,1,-3,1,4,MTL,TOR
1217,2010,21218,NYI,PHI,4,7,3,7,4,PHI,NYI
1218,2010,21219,TB,CAR,6,2,-4,2,6,TB,CAR
1219,2010,21220,WSH,FLA,0,1,1,1,0,FLA,WSH
1220,2010,21221,BUF,CBJ,5,4,-1,4,5,BUF,CBJ
1221,2010,21222,NSH,STL,0,2,2,2,0,STL,NSH
1222,2010,21223,VAN,CGY,3,2,-1,2,3,VAN,CGY
1223,2010,21224,ANA,LA,3,1,-2,1,3,ANA,LA
1224,2010,21225,PHX,SJ,1,3,2,3,1,SJ,PHX
1225,2010,21226,BOS,NJ,2,3,1,3,2,NJ,BOS
1226,2010,21227,PIT,ATL,5,2,-3,2,5,PIT,ATL
1227,2010,21228,EDM,COL,3,4,1,4,3,COL,EDM
1228,2010,21229,DET,CHI,4,3,-1,3,4,DET,CHI
1229,2010,21230,DAL,MIN,3,5,2,5,3,MIN,DAL
